0 0 100
0 0.05 100
0 0.1 100
0 0.15 100
0 0.2 100
0 0.25 100
0 0.3 100
0 0.35 100
0 0.4 100
0 0.45 100
0 0.5 100
0 0.55 100
0 0.6 100
0 0.65 100
0 0.7 100
0 0.75 100
0 0.8 100
0 0.85 100
0 0.9 100
0 0.95 100
0 1 100
0 1.05 100
0 1.1 100
0 1.15 100
0 1.2 100
0 1.25 100
0 1.3 100
0 1.35 100
0 1.4 100
0 1.45 100

0.05 0 0
0.05 0.05 49.805
0.05 0.1 69.3753
0.05 0.15 78.4757
0.05 0.2 83.369
0.05 0.25 86.3088
0.05 0.3 88.2196
0.05 0.35 89.53
0.05 0.4 90.4604
0.05 0.45 91.1342
0.05 0.5 91.6247
0.05 0.55 91.9775
0.05 0.6 92.2218
0.05 0.65 92.3757
0.05 0.7 92.4502
0.05 0.75 92.4502
0.05 0.8 92.3757
0.05 0.85 92.2217
0.05 0.9 91.9774
0.05 0.95 91.6245
0.05 1 91.1341
0.05 1.05 90.4604
0.05 1.1 89.53
0.05 1.15 88.2197
0.05 1.2 86.309
0.05 1.25 83.3692
0.05 1.3 78.4759
0.05 1.35 69.3755
0.05 1.4 49.8052
0.05 1.45 0

0.1 0 0
0.1 0.05 29.8452
0.1 0.1 49.2207
0.1 0.15 61.159
0.1 0.2 68.6922
0.1 0.25 73.6474
0.1 0.3 77.0407
0.1 0.35 79.4411
0.1 0.4 81.1788
0.1 0.45 82.4529
0.1 0.5 83.3883
0.1 0.55 84.065
0.1 0.6 84.5353
0.1 0.65 84.8325
0.1 0.7 84.9763
0.1 0.75 84.9763
0.1 0.8 84.8322
0.1 0.85 84.535
0.1 0.9 84.0646
0.1 0.95 83.3879
0.1 1 82.4525
0.1 1.05 81.1785
0.1 1.1 79.441
0.1 1.15 77.0407
0.1 1.2 73.6476
0.1 1.25 68.6925
0.1 1.3 61.1594
0.1 1.35 49.2211
0.1 1.4 29.8455
0.1 1.45 0

0.15 0 0
0.15 0.05 20.3554
0.15 0.1 36.5041
0.15 0.15 48.2482
0.15 0.2 56.5945
0.15 0.25 62.5494
0.15 0.3 66.8561
0.15 0.35 70.0167
0.15 0.4 72.3625
0.15 0.45 74.1124
0.15 0.5 75.4126
0.15 0.55 76.3612
0.15 0.6 77.0242
0.15 0.65 77.4447
0.15 0.7 77.6487
0.15 0.75 77.6485
0.15 0.8 77.4443
0.15 0.85 77.0235
0.15 0.9 76.3604
0.15 0.95 75.4116
0.15 1 74.1115
0.15 1.05 72.3616
0.15 1.1 70.016
0.15 1.15 66.8557
0.15 1.2 62.5493
0.15 1.25 56.5946
0.15 1.3 48.2485
0.15 1.35 36.5045
0.15 1.4 20.3557
0.15 1.45 0

0.2 0 0
0.2 0.05 15.0728
0.2 0.1 28.1929
0.2 0.15 38.7364
0.2 0.2 46.8896
0.2 0.25 53.1013
0.2 0.3 57.8196
0.2 0.35 61.4092
0.2 0.4 64.1443
0.2 0.45 66.2241
0.2 0.5 67.791
0.2 0.55 68.9457
0.2 0.6 69.7584
0.2 0.65 70.2762
0.2 0.7 70.5281
0.2 0.75 70.5278
0.2 0.8 70.2754
0.2 0.85 69.7572
0.2 0.9 68.9442
0.2 0.95 67.7892
0.2 1 66.2223
0.2 1.05 64.1425
0.2 1.1 61.4075
0.2 1.15 57.8182
0.2 1.2 53.1004
0.2 1.25 46.8891
0.2 1.3 38.7362
0.2 1.35 28.193
0.2 1.4 15.0729
0.2 1.45 0

0.25 0 0
0.25 0.05 11.7433
0.25 0.1 22.4593
0.25 0.15 31.6162
0.25 0.2 39.1279
0.25 0.25 45.1485
0.25 0.3 49.9138
0.25 0.35 53.6585
0.25 0.4 56.5841
0.25 0.45 58.8516
0.25 0.5 60.5846
0.25 0.55 61.8753
0.25 0.6 62.7907
0.25 0.65 63.3768
0.25 0.7 63.6627
0.25 0.75 63.6623
0.25 0.8 63.3756
0.25 0.85 62.7887
0.25 0.9 61.8727
0.25 0.95 60.5815
0.25 1 58.8483
0.25 1.05 56.5808
0.25 1.1 53.6554
0.25 1.15 49.9111
0.25 1.2 45.1463
0.25 1.25 39.1263
0.25 1.3 31.6151
0.25 1.35 22.4588
0.25 1.4 11.7432
0.25 1.45 0

0.3 0 0
0.3 0.05 9.44172
0.3 0.1 18.2859
0.3 0.15 26.1422
0.3 0.2 32.8588
0.3 0.25 38.453
0.3 0.3 43.0307
0.3 0.35 46.7293
0.3 0.4 49.6846
0.3 0.45 52.0163
0.3 0.5 53.8232
0.3 0.55 55.1833
0.3 0.6 56.1553
0.3 0.65 56.7809
0.3 0.7 57.0868
0.3 0.75 57.0862
0.3 0.8 56.779
0.3 0.85 56.1522
0.3 0.9 55.1793
0.3 0.95 53.8185
0.3 1 52.0111
0.3 1.05 49.6792
0.3 1.1 46.7241
0.3 1.15 43.026
0.3 1.2 38.4489
0.3 1.25 32.8556
0.3 1.3 26.1399
0.3 1.35 18.2845
0.3 1.4 9.44113
0.3 1.45 0

0.35 0 0
0.35 0.05 7.73823
0.35 0.1 15.101
0.35 0.15 21.8093
0.35 0.2 27.7137
0.35 0.25 32.7754
0.35 0.3 37.0288
0.35 0.35 40.5456
0.35 0.4 43.4109
0.35 0.45 45.7082
0.35 0.5 47.5114
0.35 0.55 48.8822
0.35 0.6 49.8691
0.35 0.65 50.5074
0.35 0.7 50.8204
0.35 0.75 50.8195
0.35 0.8 50.5047
0.35 0.85 49.8647
0.35 0.9 48.8765
0.35 0.95 47.5045
0.35 1 45.7006
0.35 1.05 43.403
0.35 1.1 40.5378
0.35 1.15 37.0214
0.35 1.2 32.769
0.35 1.25 27.7083
0.35 1.3 21.8052
0.35 1.35 15.0984
0.35 1.4 7.73699
0.35 1.45 0

0.4 0 0
0.4 0.05 6.41062
0.4 0.1 12.5713
0.4 0.15 18.2811
0.4 0.2 23.4122
0.4 0.25 27.9077
0.4 0.3 31.7647
0.4 0.35 35.0149
0.4 0.4 37.7071
0.4 0.45 39.896
0.4 0.5 41.6339
0.4 0.55 42.9672
0.4 0.6 43.9336
0.4 0.65 44.5615
0.4 0.7 44.8702
0.4 0.75 44.8689
0.4 0.8 44.5579
0.4 0.85 43.9277
0.4 0.9 42.9594
0.4 0.95 41.6246
0.4 1 39.8855
0.4 1.05 37.6961
0.4 1.1 35.0039
0.4 1.15 31.7543
0.4 1.2 27.8982
0.4 1.25 23.4042
0.4 1.3 18.2749
0.4 1.35 12.5671
0.4 1.4 6.40856
0.4 1.45 0

0.45 0 0
0.45 0.05 5.33321
0.45 0.1 10.4928
0.45 0.15 15.332
0.45 0.2 19.7469
0.45 0.25 23.679
0.45 0.3 27.1084
0.45 0.35 30.043
0.45 0.4 32.5077
0.45 0.45 34.5357
0.45 0.5 36.1623
0.45 0.55 37.4203
0.45 0.6 38.3377
0.45 0.65 38.9364
0.45 0.7 39.2311
0.45 0.75 39.2295
0.45 0.8 38.9316
0.45 0.85 38.3301
0.45 0.9 37.4101
0.45 0.95 36.1501
0.45 1 34.5221
0.45 1.05 32.4932
0.45 1.1 30.0283
0.45 1.15 27.0943
0.45 1.2 23.6662
0.45 1.25 19.7359
0.45 1.3 15.3233
0.45 1.35 10.4868
0.45 1.4 5.33019
0.45 1.45 0

0.5 0 0
0.5 0.05 4.42945
0.5 0.1 8.73471
0.5 0.15 12.8072
0.5 0.2 16.5644
0.5 0.25 19.953
0.5 0.3 22.9468
0.5 0.35 25.5408
0.5 0.4 27.7448
0.5 0.45 29.577
0.5 0.5 31.0593
0.5 0.55 32.214
0.5 0.6 33.0607
0.5 0.65 33.6152
0.5 0.7 33.8887
0.5 0.75 33.8867
0.5 0.8 33.6093
0.5 0.85 33.0511
0.5 0.9 32.2013
0.5 0.95 31.044
0.5 1 29.5597
0.5 1.05 27.7265
0.5 1.1 25.5222
0.5 1.15 22.9288
0.5 1.2 19.9364
0.5 1.25 16.5501
0.5 1.3 12.7958
0.5 1.35 8.72673
0.5 1.4 4.42534
0.5 1.45 0

0.55 0 0
0.55 0.05 3.64963
0.55 0.1 7.20895
0.55 0.15 10.5972
0.55 0.2 13.7497
0.55 0.25 16.6209
0.55 0.3 19.184
0.55 0.35 21.4276
0.55 0.4 23.3525
0.55 0.45 24.9667
0.55 0.5 26.2828
0.55 0.55 27.3143
0.55 0.6 28.0745
0.55 0.65 28.5739
0.55 0.7 28.8204
0.55 0.75 28.818
0.55 0.8 28.5668
0.55 0.85 28.063
0.55 0.9 27.2989
0.55 0.95 26.2642
0.55 1 24.9458
0.55 1.05 23.3301
0.55 1.1 21.4048
0.55 1.15 19.1618
0.55 1.2 16.6004
0.55 1.25 13.7318
0.55 1.3 10.5828
0.55 1.35 7.19882
0.55 1.4 3.64435
0.55 1.45 0

0.6 0 0
0.6 0.05 2.95958
0.6 0.1 5.85339
0.6 0.15 8.62162
0.6 0.2 11.2146
0.6 0.25 13.595
0.6 0.3 15.7383
0.6 0.35 17.6309
0.6 0.4 19.2682
0.6 0.45 20.652
0.6 0.5 21.7879
0.6 0.55 22.6833
0.6 0.6 23.3461
0.6 0.65 23.7828
0.6 0.7 23.9984
0.6 0.75 23.9956
0.6 0.8 23.7745
0.6 0.85 23.3326
0.6 0.9 22.6652
0.6 0.95 21.766
0.6 1 20.6272
0.6 1.05 19.2417
0.6 1.1 17.6038
0.6 1.15 15.7118
0.6 1.2 13.5705
0.6 1.25 11.193
0.6 1.3 8.60419
0.6 1.35 5.84104
0.6 1.4 2.95311
0.6 1.45 0

0.65 0 0
0.65 0.05 2.33448
0.65 0.1 4.62199
0.65 0.15 6.81935
0.65 0.2 8.88958
0.65 0.25 10.8035
0.65 0.3 12.54
0.65 0.35 14.0857
0.65 0.4 15.4335
0.65 0.45 16.5809
0.65 0.5 17.5291
0.65 0.55 18.2807
0.65 0.6 18.8393
0.65 0.65 19.2084
0.65 0.7 19.3905
0.65 0.75 19.3873
0.65 0.8 19.1988
0.65 0.85 18.8238
0.65 0.9 18.2599
0.65 0.95 17.5039
0.65 1 16.5525
0.65 1.05 15.4029
0.65 1.1 14.0544
0.65 1.15 12.5094
0.65 1.2 10.7749
0.65 1.25 8.86445
0.65 1.3 6.79894
0.65 1.35 4.60745
0.65 1.4 2.32682
0.65 1.45 0

0.7 0 0
0.7 0.05 1.75519
0.7 0.1 3.4788
0.7 0.15 5.14155
0.7 0.2 6.71755
0.7 0.25 8.1853
0.7 0.3 9.52801
0.7 0.35 10.7335
0.7 0.4 11.7936
0.7 0.45 12.7035
0.7 0.5 13.4609
0.7 0.55 14.0649
0.7 0.6 14.516
0.7 0.65 14.8148
0.7 0.7 14.9621
0.7 0.75 14.9585
0.7 0.8 14.8041
0.7 0.85 14.4987
0.7 0.9 14.0417
0.7 0.95 13.4328
0.7 1 12.6717
0.7 1.05 11.7594
0.7 1.1 10.6983
0.7 1.15 9.49351
0.7 1.2 8.15303
0.7 1.25 6.68908
0.7 1.3 5.11834
0.7 1.35 3.46221
0.7 1.4 1.74641
0.7 1.45 0

0.75 0 0
0.75 0.05 1.20604
0.75 0.1 2.39405
0.75 0.15 3.54715
0.75 0.2 4.64961
0.75 0.25 5.68721
0.75 0.3 6.64762
0.75 0.35 7.52044
0.75 0.4 8.2973
0.75 0.45 8.97164
0.75 0.5 9.53857
0.75 0.55 9.99455
0.75 0.6 10.3372
0.75 0.65 10.565
0.75 0.7 10.6771
0.75 0.75 10.6731
0.75 0.8 10.5534
0.75 0.85 10.3184
0.75 0.9 9.96925
0.75 0.95 9.50785
0.75 1 8.93678
0.75 1.05 8.25977
0.75 1.1 7.48185
0.75 1.15 6.60967
0.75 1.2 5.65165
0.75 1.25 4.61815
0.75 1.3 3.52145
0.75 1.35 2.37562
0.75 1.4 1.19625
0.75 1.45 0

0.8 0 0
0.8 0.05 0.673168
0.8 0.1 1.34132
0.8 0.15 1.99946
0.8 0.2 2.64156
0.8 0.25 3.26047
0.8 0.3 3.84813
0.8 0.35 4.39598
0.8 0.4 4.89553
0.8 0.45 5.33874
0.8 0.5 5.71845
0.8 0.55 6.02856
0.8 0.6 6.26422
0.8 0.65 6.42183
0.8 0.7 6.49907
0.8 0.75 6.49488
0.8 0.8 6.40942
0.8 0.85 6.24408
0.8 0.9 6.00152
0.8 0.95 5.68559
0.8 1 5.30143
0.8 1.05 4.85531
0.8 1.1 4.35458
0.8 1.15 3.80735
0.8 1.2 3.22219
0.8 1.25 2.60764
0.8 1.3 1.97168
0.8 1.35 1.32136
0.8 1.4 0.662538
0.8 1.45 0

0.85 0 0
0.85 0.05 0.143336
0.85 0.1 0.295334
0.85 0.15 0.463324
0.85 0.2 0.651106
0.85 0.25 0.858354
0.85 0.3 1.08088
0.85 0.35 1.31149
0.85 0.4 1.54108
0.85 0.45 1.75981
0.85 0.5 1.95798
0.85 0.55 2.12682
0.85 0.6 2.25895
0.85 0.65 2.34871
0.85 0.7 2.39231
0.85 0.75 2.38793
0.85 0.8 2.33574
0.85 0.85 2.2379
0.85 0.9 2.09853
0.85 0.95 1.92359
0.85 1 1.72072
0.85 1.05 1.49891
0.85 1.1 1.26802
0.85 1.15 1.03803
0.85 1.2 0.818071
0.85 1.25 0.615351
0.85 1.3 0.433997
0.85 1.35 0.274223
0.85 1.4 0.132069
0.85 1.45 0

0.9 0 0
0.9 0.05 -0.397334
0.9 0.1 -0.77022
0.9 0.15 -1.0975
0.9 0.2 -1.36495
0.9 0.25 -1.56629
0.9 0.3 -1.7027
0.9 0.35 -1.78112
0.9 0.4 -1.81234
0.9 0.45 -1.809
0.9 0.5 -1.78403
0.9 0.55 -1.74937
0.9 0.6 -1.71524
0.9 0.65 -1.68954
0.9 0.7 -1.67763
0.9 0.75 -1.68212
0.9 0.8 -1.70282
0.9 0.85 -1.73679
0.9 0.9 -1.77834
0.9 0.95 -1.81926
0.9 1 -1.84908
0.9 1.05 -1.85561
0.9 1.1 -1.82575
0.9 1.15 -1.74675
0.9 1.2 -1.60775
0.9 1.25 -1.40179
0.9 1.3 -1.12777
0.9 1.35 -0.792038
0.9 1.4 -0.408998
0.9 1.45 0

0.95 0 0
0.95 0.05 -0.964762
0.95 0.1 -1.88517
0.95 0.15 -2.72336
0.95 0.2 -3.45359
0.95 0.25 -4.06355
0.95 0.3 -4.55297
0.95 0.35 -4.93056
0.95 0.4 -5.21072
0.95 0.45 -5.41049
0.95 0.5 -5.5472
0.95 0.55 -5.63684
0.95 0.6 -5.69294
0.95 0.65 -5.72598
0.95 0.7 -5.74302
0.95 0.75 -5.74751
0.95 0.8 -5.73929
0.95 0.85 -5.71454
0.95 0.9 -5.66588
0.95 0.95 -5.58254
0.95 1 -5.4507
0.95 1.05 -5.25416
0.95 1.1 -4.9754
0.95 1.15 -4.59726
0.95 1.2 -4.10528
0.95 1.25 -3.49071
0.95 1.3 -2.75388
0.95 1.35 -1.9072
0.95 1.4 -0.976557
0.95 1.45 0

1 0 0
1 0.05 -1.57893
1 0.1 -3.08622
1 0.15 -4.4625
1 0.2 -5.66914
1 0.25 -6.68923
1 0.3 -7.52402
1 0.35 -8.18733
1 0.4 -8.70018
1 0.45 -9.08634
1 0.5 -9.36925
1 0.55 -9.56996
1 0.6 -9.70599
1 0.65 -9.79073
1 0.7 -9.8331
1 0.75 -9.8375
1 0.8 -9.80376
1 0.85 -9.72715
1 0.9 -9.59842
1 0.95 -9.40389
1 1 -9.12578
1 1.05 -8.7428
1 1.1 -8.23136
1 1.15 -7.56754
1 1.2 -6.73026
1 1.25 -5.70567
1 1.3 -4.49257
1 1.35 -3.10795
1 1.4 -1.59057
1 1.45 0

1.05 0 0
1.05 0.05 -2.26711
1.05 0.1 -4.42217
1.05 0.15 -6.37661
1.05 0.2 -8.07786
1.05 0.25 -9.50806
1.05 0.3 -10.6754
1.05 0.35 -11.6044
1.05 0.4 -12.327
1.05 0.45 -12.8767
1.05 0.5 -13.2852
1.05 0.55 -13.5798
1.05 0.6 -13.7826
1.05 0.65 -13.9101
1.05 0.7 -13.9733
1.05 0.75 -13.9775
1.05 0.8 -13.9225
1.05 0.85 -13.8028
1.05 0.9 -13.607
1.05 0.95 -13.3184
1.05 1 -12.9145
1.05 1.05 -12.3678
1.05 1.1 -11.6466
1.05 1.15 -10.7172
1.05 1.2 -9.54741
1.05 1.25 -8.11293
1.05 1.3 -6.40549
1.05 1.35 -4.44306
1.05 1.4 -2.27832
1.05 1.45 0

1.1 0 0
1.1 0.05 -3.06967
1.1 0.1 -5.96251
1.1 0.15 -8.54902
1.1 0.2 -10.7641
1.1 0.25 -12.5973
1.1 0.3 -14.0739
1.1 0.35 -15.2374
1.1 0.4 -16.1368
1.1 0.45 -16.8192
1.1 0.5 -17.3265
1.1 0.55 -17.6931
1.1 0.6 -17.9462
1.1 0.65 -18.1056
1.1 0.7 -18.1841
1.1 0.75 -18.188
1.1 0.8 -18.1172
1.1 0.85 -17.9651
1.1 0.9 -17.7185
1.1 0.95 -17.3574
1.1 1 -16.8544
1.1 1.05 -16.1748
1.1 1.1 -15.2767
1.1 1.15 -14.1128
1.1 1.2 -12.634
1.1 1.25 -10.7968
1.1 1.3 -8.57601
1.1 1.35 -5.98204
1.1 1.4 -3.08015
1.1 1.45 0

1.15 0 0
1.15 0.05 -4.05121
1.15 0.1 -7.81271
1.15 0.15 -11.0977
1.15 0.2 -13.8381
1.15 0.25 -16.0501
1.15 0.3 -17.7936
1.15 0.35 -19.1434
1.15 0.4 -20.1731
1.15 0.45 -20.9471
1.15 0.5 -21.519
1.15 0.55 -21.9309
1.15 0.6 -22.2147
1.15 0.65 -22.393
1.15 0.7 -22.4805
1.15 0.75 -22.484
1.15 0.8 -22.4035
1.15 0.85 -22.2317
1.15 0.9 -21.9538
1.15 0.95 -21.5469
1.15 1 -20.9789
1.15 1.05 -20.2074
1.15 1.1 -19.179
1.15 1.15 -17.8287
1.15 1.2 -16.0833
1.15 1.25 -13.8677
1.15 1.3 -11.1221
1.15 1.35 -7.8304
1.15 1.4 -4.06071
1.15 1.45 0

1.2 0 0
1.2 0.05 -5.32444
1.2 0.1 -10.1426
1.2 0.15 -14.1953
1.2 0.2 -17.446
1.2 0.25 -19.9777
1.2 0.3 -21.9141
1.2 0.35 -23.3777
1.2 0.4 -24.4736
1.2 0.45 -25.2863
1.2 0.5 -25.8811
1.2 0.55 -26.3066
1.2 0.6 -26.5985
1.2 0.65 -26.7813
1.2 0.7 -26.8706
1.2 0.75 -26.8737
1.2 0.8 -26.7904
1.2 0.85 -26.6132
1.2 0.9 -26.3264
1.2 0.95 -25.9052
1.2 1 -25.3139
1.2 1.05 -24.5034
1.2 1.1 -23.4085
1.2 1.15 -21.9447
1.2 1.2 -20.0066
1.2 1.25 -17.4717
1.2 1.3 -14.2165
1.2 1.35 -10.158
1.2 1.4 -5.33272
1.2 1.45 0

1.25 0 0
1.25 0.05 -7.10564
1.25 0.1 -13.2408
1.25 0.15 -18.0986
1.25 0.2 -21.7774
1.25 0.25 -24.5063
1.25 0.3 -26.5138
1.25 0.35 -27.9864
1.25 0.4 -29.0647
1.25 0.45 -29.8514
1.25 0.5 -30.4204
1.25 0.55 -30.8243
1.25 0.6 -31.0998
1.25 0.65 -31.2718
1.25 0.7 -31.3554
1.25 0.75 -31.3579
1.25 0.8 -31.2793
1.25 0.85 -31.112
1.25 0.9 -30.8407
1.25 0.95 -30.4404
1.25 1 -29.8742
1.25 1.05 -29.0893
1.25 1.1 -28.0119
1.25 1.15 -26.539
1.25 1.2 -24.5301
1.25 1.25 -21.7987
1.25 1.3 -18.1161
1.25 1.35 -13.2535
1.25 1.4 -7.11248
1.25 1.45 0

1.3 0 0
1.3 0.05 -9.85874
1.3 0.1 -17.6184
1.3 0.15 -23.1839
1.3 0.2 -27.0624
1.3 0.25 -29.7606
1.3 0.3 -31.6534
1.3 0.35 -32.9949
1.3 0.4 -33.9533
1.3 0.45 -34.6405
1.3 0.5 -35.1316
1.3 0.55 -35.4772
1.3 0.6 -35.7117
1.3 0.65 -35.8574
1.3 0.7 -35.928
1.3 0.75 -35.9299
1.3 0.8 -35.8631
1.3 0.85 -35.721
1.3 0.9 -35.4898
1.3 0.95 -35.1469
1.3 1 -34.658
1.3 1.05 -33.9722
1.3 1.1 -33.0144
1.3 1.15 -31.6728
1.3 1.2 -29.7789
1.3 1.25 -27.0787
1.3 1.3 -23.1974
1.3 1.35 -17.6282
1.3 1.4 -9.86399
1.3 1.45 0

1.35 0 0
1.35 0.05 -14.7119
1.35 0.1 -24.1919
1.35 0.15 -29.9585
1.35 0.2 -33.5305
1.35 0.25 -35.8236
1.35 0.3 -37.3481
1.35 0.35 -38.3904
1.35 0.4 -39.1175
1.35 0.45 -39.6305
1.35 0.5 -39.993
1.35 0.55 -40.2463
1.35 0.6 -40.4172
1.35 0.65 -40.5231
1.35 0.7 -40.5743
1.35 0.75 -40.5756
1.35 0.8 -40.527
1.35 0.85 -40.4235
1.35 0.9 -40.2547
1.35 0.95 -40.0033
1.35 1 -39.6422
1.35 1.05 -39.1302
1.35 1.1 -38.4036
1.35 1.15 -37.3611
1.35 1.2 -35.836
1.35 1.25 -33.5415
1.35 1.3 -29.9676
1.35 1.35 -24.1985
1.35 1.4 -14.7155
1.35 1.45 0

1.4 0 0
1.4 0.05 -24.7978
1.4 0.1 -34.4796
1.4 0.15 -38.9292
1.4 0.2 -41.2791
1.4 0.25 -42.6573
1.4 0.3 -43.5271
1.4 0.35 -44.1038
1.4 0.4 -44.4985
1.4 0.45 -44.7737
1.4 0.5 -44.9666
1.4 0.55 -45.1007
1.4 0.6 -45.1909
1.4 0.65 -45.2466
1.4 0.7 -45.2735
1.4 0.75 -45.2742
1.4 0.8 -45.2486
1.4 0.85 -45.194
1.4 0.9 -45.1049
1.4 0.95 -44.9718
1.4 1 -44.7795
1.4 1.05 -44.5049
1.4 1.1 -44.1104
1.4 1.15 -43.5336
1.4 1.2 -42.6635
1.4 1.25 -41.2846
1.4 1.3 -38.9337
1.4 1.35 -34.4829
1.4 1.4 -24.7996
1.4 1.45 0

1.45 0 -50
1.45 0.05 -50
1.45 0.1 -50
1.45 0.15 -50
1.45 0.2 -50
1.45 0.25 -50
1.45 0.3 -50
1.45 0.35 -50
1.45 0.4 -50
1.45 0.45 -50
1.45 0.5 -50
1.45 0.55 -50
1.45 0.6 -50
1.45 0.65 -50
1.45 0.7 -50
1.45 0.75 -50
1.45 0.8 -50
1.45 0.85 -50
1.45 0.9 -50
1.45 0.95 -50
1.45 1 -50
1.45 1.05 -50
1.45 1.1 -50
1.45 1.15 -50
1.45 1.2 -50
1.45 1.25 -50
1.45 1.3 -50
1.45 1.35 -50
1.45 1.4 -50
1.45 1.45 -50

